324 54235 5 3 05429
423 345 6546 764 023448
4234 234565 454 666 323

96123456 ±ùºì²è 3.000000 2.000000 01967815773
234532 222 2.200000 1.200000 455
4232134324 abcde 2323.000000 222.000000 6421152
32021 abc 2 1 5
320134452 abcd 2 3 4
99999 ±ùºì²è 3 2 08996

546545231 ÍÞ¹þ¹þ 3.0 2.0 5
232323123 ÍÞ¹þ¹þ 3.0 2.0 5
21321231 ÍÞ¹þ¹þ 2.0 3.0 5
54654564564 ÍÞ¹þ¹þ 3.0 2.0 5
565 6 56 5 6
4564 ÍÞ¹þ¹þ 3.0 2.0 5
1321231 ÍÞ¹þ¹þ 3.0 2.0 5
232653265 ÍÞ¹þ¹þ 3.0 2.0 5
1231321 ÍÞ¹þ¹þ 3.0 2.0 5
231315465 ÍÞ¹þ¹þ 3.0 2.0 5
56235623 ÍÞ¹þ¹þ 3.0 2.0 5
65323565 ÍÞ¹þ¹þ 3.0 2.0 5