691023 哇哈哈 3.0 2.0 33
      
        
691027 VC柠檬茶 3.0 2.0 79
      
        
691029 阿萨姆奶茶 5.0 2.0 100        
        
691030 打奶茶 6.0 3.0 100        
        
691031 悠哈奶茶 4.0 2.0 100          
          
691032 星巴克奶茶 12.0 3.0 100          
          
691033 农夫山泉 2.0 1.0 100          
          
691034 尖叫 4.0 2.0 100          
          
691035 可口可乐 3.0 2.0 100          
          
691036 百事可乐 3.0 2.0 100          
          
691037 崂山可乐 3.0 2.0 100          
                
691037 王老吉 3.0 2.0 100          
          
691037 加多宝 3.0 2.0 100          
          
691037 和其正 3.0 2.0 100          
          
123456 测试 32.1 2.1 10
       
          
222 sss 2 1 2
         
          